R = 0.639584
P = 2.55486e-66
N = 565