R = 0.941926
P = 5.64388e-269
N = 565