R = 0.940497
P = 4.30047e-266
N = 565