R = 0.929637
P = 2.80247e-246
N = 565