R = 0.942272
P = 1.10117e-269
N = 565