R = 0.958139
P = 5.47503e-308
N = 565