R = 0.852117
P = 1.88904e-160
N = 565