R = 0.841193
P = 1.86942e-152
N = 565