R = 0.953766
P = 4.12472e-296
N = 565